








#00510 14/09/2022 779 007 481 495 923 859 623 985 356 641 140 239 677 933 478 266 910 673 977 930









#00509 12/09/2022 188 832 693 330 280 463 291 653 390 314 848 129 799 550 378 480 910 536 750 673
#00508 09/09/2022 262 171 191 667 525 807 866 864 762 173 557 145 254 947 248 828 404 865 924 521
#00507 07/09/2022 708 730 088 850 887 015 300 396 049 734 150 075 746 099 936 714 337 502 716 409
#00506 05/09/2022 576 896 722 792 961 433 542 296 314 281 557 197 720 024 515 073 384 128 051 822
#00505 02/09/2022 854 691 412 686 400 304 389 866 973 223 335 944 839 509 607 765 724 972 954 604
#00504 31/08/2022 546 272 824 455 441 403 576 346 204 358 163 058 208 239 966 895 072 749 916 432
#00503 29/08/2022 079 316 104 975 392 130 031 643 170 528 978 787 597 618 545 000 616 100 322 344
#00502 26/08/2022 588 673 310 797 766 053 029 416 685 340 859 588 567 748 006 037 141 089 852 024
#00501 24/08/2022 574 480 639 157 534 410 379 538 806 085 017 318 619 873 733 029 799 206 790 211
#00500 22/08/2022 408 236 369 750 783 475 699 610 863 841 437 777 871 545 019 146 510 125 455 373
#00499 19/08/2022 708 310 743 093 273 457 305 370 374 691 749 462 937 553 083 219 705 329 517 974
#00498 17/08/2022 451 154 975 738 082 237 762 106 540 442 553 470 764 220 551 018 619 629 915 086
#00497 15/08/2022 753 037 943 556 643 152 196 931 375 267 463 566 095 863 329 871 649 498 391 817
#00496 12/08/2022 449 280 774 411 128 641 710 680 183 144 160 114 253 451 945 682 401 694 324 350
#00495 10/08/2022 034 401 542 577 472 613 219 346 416 456 387 606 435 558 915 525 595 807 494 319
#00494 08/08/2022 881 019 142 925 748 563 389 812 919 087 779 579 495 215 947 480 968 387 560 322
#00493 05/08/2022 428 425 858 317 615 738 461 977 039 632 983 172 006 463 884 137 245 300 017 005
#00492 03/08/2022 776 061 550 380 787 608 831 033 691 613 185 520 304 962 126 171 914 691 380 258
#00491 01/08/2022 975 958 633 676 686 265 628 099 766 550 236 448 359 190 458 112 270 152 251 662
#00490 29/07/2022 673 905 902 315 515 501 390 610 916 909 694 180 894 970 102 645 525 868 911 397
#00489 27/07/2022 294 653 329 822 920 694 101 725 804 025 430 323 005 368 799 300 246 743 525 734
#00488 25/07/2022 063 263 708 092 099 306 920 689 146 383 849 067 156 692 601 863 894 583 807 344
#00487 22/07/2022 462 249 047 628 046 997 120 995 422 291 674 954 201 316 336 420 035 496 205 706
#00486 20/07/2022 253 050 959 646 050 640 098 308 729 831 938 761 458 343 143 798 604 733 739 592
#00485 18/07/2022 525 694 427 600 594 823 844 287 042 574 456 002 954 522 952 797 456 059 462 595
#00484 15/07/2022 033 490 168 073 207 048 886 334 156 284 243 622 837 342 149 743 012 145 755 998
#00483 13/07/2022 493 042 003 547 146 219 275 075 716 444 842 685 860 216 744 523 816 272 314 988
#00482 11/07/2022 627 353 873 988 337 982 725 411 294 866 997 589 035 150 993 470 435 328 529 248
#00481 08/07/2022 972 418 825 174 916 531 810 786 285 092 995 969 938 756 058 341 179 678 548 255
#00480 06/07/2022 091 556 218 405 151 139 809 665 903 442 109 176 387 179 376 102 463 035 013 291
#00479 04/07/2022 218 726 428 601 310 686 454 983 777 941 379 099 411 393 975 048 755 348 441 861
#00478 01/07/2022 415 987 250 119 434 442 728 281 425 360 438 523 411 706 805 508 205 420 897 158
#00477 29/06/2022 401 359 350 695 998 140 013 611 175 037 253 575 691 531 423 491 548 588 911 745
#00476 27/06/2022 496 182 826 820 369 952 033 933 096 299 294 843 616 738 997 949 395 513 777 377
#00475 24/06/2022 240 974 806 600 742 138 544 328 055 589 462 176 240 240 917 308 387 726 483 320
#00474 22/06/2022 949 056 374 123 654 429 397 692 549 760 060 032 370 375 733 239 370 402 302 160
#00473 20/06/2022 045 732 323 570 733 279 201 272 945 724 986 307 380 745 734 610 037 834 187 322
#00472 17/06/2022 350 750 427 057 399 908 902 953 368 936 386 085 953 539 842 518 630 504 775 966
#00471 15/06/2022 569 328 834 694 760 576 858 482 847 879 083 762 710 859 884 710 228 123 424 186
#00470 13/06/2022 460 945 624 309 001 126 973 581 152 464 226 807 498 970 626 369 726 140 791 946
#00469 10/06/2022 530 978 240 542 363 247 800 056 959 062 850 186 357 326 512 189 862 200 376 399
#00468 08/06/2022 374 022 993 869 290 321 751 804 415 136 006 646 276 431 477 239 019 200 473 894
#00467 06/06/2022 652 331 628 731 733 847 816 176 094 051 495 150 877 756 076 433 125 166 516 743
#00466 03/06/2022 252 558 317 015 909 955 597 388 520 360 626 540 806 568 419 567 453 292 952 476
#00465 01/06/2022 386 943 311 019 076 853 783 558 900 281 985 677 215 840 261 066 074 425 332 636
#00464 30/05/2022 417 945 534 846 457 130 725 773 401 458 625 798 280 684 226 132 840 043 201 151
#00463 27/05/2022 307 568 966 770 172 406 126 628 344 100 003 374 041 824 942 765 081 581 040 991
#00462 25/05/2022 941 594 625 803 788 679 720 157 094 113 501 448 607 742 379 225 163 773 784 110
#00461 23/05/2022 644 079 874 199 515 745 550 998 188 732 541 881 147 616 714 796 928 244 541 930
#00460 20/05/2022 624 724 106 019 421 714 236 859 301 961 636 677 137 785 695 574 134 400 292 563
#00459 18/05/2022 944 167 903 870 970 779 242 346 610 023 455 884 006 695 018 695 434 284 032 752
#00458 16/05/2022 299 174 809 797 158 941 340 684 866 978 874 476 311 681 053 081 167 461 956 787
#00457 13/05/2022 838 832 654 428 162 146 686 061 883 432 139 126 815 758 334 711 510 417 616 202
#00456 11/05/2022 961 929 405 217 730 898 705 865 251 629 704 787 849 655 253 347 931 328 732 840
#00455 09/05/2022 519 557 377 905 345 947 671 335 425 811 533 530 181 600 743 463 618 720 202 743
#00454 06/05/2022 759 209 491 386 443 352 261 856 656 474 279 393 068 360 566 124 433 565 841 065
#00453 04/05/2022 514 848 963 474 287 795 489 054 512 765 279 362 454 728 994 752 273 547 654 617
#00452 02/05/2022 324 859 674 177 337 174 581 125 397 660 669 605 553 252 409 677 973 977 173 855
#00451 29/04/2022 617 377 041 995 258 614 322 031 480 802 417 768 256 057 351 370 972 242 479 108
#00450 27/04/2022 145 303 021 771 587 013 538 322 507 985 516 371 049 868 375 204 000 984 850 080
#00449 25/04/2022 741 681 583 187 463 121 172 165 033 390 330 836 059 380 055 804 533 811 435 865
#00448 22/04/2022 751 486 881 505 332 620 078 520 020 469 141 645 519 496 315 239 124 579 859 189
#00447 20/04/2022 267 008 291 915 835 189 919 024 259 655 742 214 065 582 630 947 241 564 663 001
#00446 18/04/2022 138 249 640 104 605 825 177 604 816 976 898 477 790 937 833 742 781 458 871 110
#00445 15/04/2022 070 033 542 778 225 215 395 742 061 728 066 032 257 247 995 194 273 619 027 048
#00444 13/04/2022 140 832 811 241 800 720 175 414 607 444 446 736 313 054 571 647 899 702 667 833
#00443 11/04/2022 447 216 047 590 302 883 382 978 253 700 697 006 903 122 599 915 354 940 415 000
#00442 08/04/2022 387 413 879 275 732 309 309 134 475 200 204 280 272 466 032 272 772 653 243 107
#00441 06/04/2022 962 735 366 814 476 150 588 601 940 234 188 568 043 154 893 597 183 260 246 174
#00440 04/04/2022 225 144 110 946 847 334 781 781 095 742 449 687 907 976 826 542 249 645 727 793
#00439 01/04/2022 427 880 132 532 792 597 253 714 211 837 440 875 061 466 864 641 135 992 615 233
#00438 30/03/2022 455 224 062 605 860 763 150 012 872 159 927 246 967 154 266 751 304 475 328 235
#00437 28/03/2022 246 261 712 034 530 200 734 045 802 925 676 980 559 190 453 914 690 766 515 215
#00436 25/03/2022 621 377 255 029 474 664 492 582 942 938 164 201 233 822 976 881 469 171 099 512
#00435 23/03/2022 040 144 152 713 021 287 778 207 685 011 657 047 271 257 128 115 530 120 177 964
#00434 21/03/2022 863 713 963 816 880 040 815 094 582 093 601 758 267 360 171 119 886 585 422 390
#00433 18/03/2022 184 379 795 508 662 169 121 850 853 049 734 958 108 185 339 727 349 822 459 253
#00432 16/03/2022 945 880 580 407 063 569 386 425 534 592 808 146 369 907 874 111 680 421 447 770
#00431 14/03/2022 679 113 422 585 998 980 272 577 477 904 281 475 642 036 447 712 855 270 252 278
#00430 11/03/2022 150 674 558 605 918 837 001 647 681 628 206 763 687 396 271 430 526 405 559 452
#00429 09/03/2022 255 253 326 470 230 250 976 965 305 163 319 069 618 590 101 352 411 432 528 036
#00428 07/03/2022 187 516 060 163 734 710 005 868 023 490 473 947 499 913 340 154 557 829 785 038
#00427 04/03/2022 480 477 342 578 110 476 807 798 065 644 338 734 440 898 940 834 750 651 508 938
#00426 02/03/2022 238 327 892 084 539 501 769 773 964 235 056 805 475 306 288 526 753 226 870 838
#00425 28/02/2022 291 707 625 567 790 410 288 046 047 939 297 672 382 675 291 174 589 667 760 011
#00424 25/02/2022 891 037 389 112 353 611 495 950 880 734 491 109 950 218 384 231 770 117 490 898
#00423 23/02/2022 897 069 180 600 493 515 446 667 207 688 647 832 275 543 701 331 876 692 433 325
#00422 21/02/2022 154 831 831 401 578 450 969 742 830 837 717 108 237 250 036 717 620 458 275 256
#00421 18/02/2022 310 491 690 480 459 957 106 898 730 307 256 319 473 506 424 124 806 401 427 273
#00420 16/02/2022 630 796 706 492 646 239 384 649 773 479 131 342 519 880 407 484 776 155 365 101
#00419 14/02/2022 513 843 510 892 074 604 694 139 446 822 155 746 244 991 415 878 300 746 620 229
#00418 11/02/2022 167 077 969 662 452 577 644 745 299 398 534 422 752 836 450 912 255 662 677 585
#00417 09/02/2022 073 264 191 570 409 741 396 502 005 313 020 731 614 141 865 280 462 066 824 996
#00416 07/02/2022 047 144 607 231 226 889 708 498 224 528 277 965 565 288 182 087 788 591 910 692
#00415 04/02/2022 849 440 922 152 592 731 480 319 456 348 331 214 016 930 421 430 443 699 414 111
#00414 02/02/2022 501 991 807 896 923 129 142 719 285 880 747 159 299 088 277 593 894 095 575 131
#00413 28/01/2022 056 356 649 917 103 400 182 513 786 455 661 212 321 084 177 166 448 804 933 402
#00412 26/01/2022 264 563 397 960 663 543 782 367 106 929 343 033 417 273 759 708 096 723 014 133
#00411 24/01/2022 892 357 225 233 382 996 557 576 048 063 545 834 444 289 197 852 368 977 753 614
#00410 21/01/2022 155 333 345 894 498 332 436 699 815 085 702 197 437 596 190 361 844 986 645 581
#00409 19/01/2022 065 845 829 395 735 171 664 325 334 189 143 350 334 462 197 194 329 614 087 750
#00408 17/01/2022 715 847 939 346 234 192 957 613 470 113 654 090 906 736 913 689 097 181 255 113
#00407 14/01/2022 697 921 199 565 310 799 167 027 100 828 452 754 494 701 016 741 250 277 976 891
#00406 12/01/2022 521 367 290 162 349 347 336 179 597 220 230 887 488 707 908 471 284 495 786 488
#00405 10/01/2022 440 016 147 829 761 338 661 072 217 864 071 727 279 205 720 322 908 874 308 643
#00404 07/01/2022 184 806 550 919 582 043 731 651 884 633 425 449 133 694 599 540 485 037 621 897
#00403 05/01/2022 071 737 060 322 575 468 664 563 271 728 336 289 242 997 880 429 720 790 734 096
#00402 03/01/2022 400 871 972 662 716 103 785 770 403 779 697 746 141 385 897 100 895 155 680 783
#00401 31/12/2021 220 639 721 585 505 012 142 573 038 878 811 917 683 173 036 416 376 291 364 424
#00400 29/12/2021 372 218 927 339 675 129 895 721 462 181 315 070 552 242 117 357 956 569 358 236
#00399 27/12/2021 290 165 471 057 422 663 220 459 274 581 134 123 707 349 768 785 224 976 469 502
#00398 24/12/2021 086 550 963 165 833 540 523 433 981 434 643 413 899 105 894 386 459 130 722 984
#00397 22/12/2021 094 621 687 617 532 923 953 168 522 990 974 223 459 197 601 851 599 433 880 016
#00396 20/12/2021 752 691 780 821 109 295 269 931 290 465 580 904 914 758 015 190 275 830 670 655
#00395 17/12/2021 974 831 778 058 543 294 205 753 523 863 659 178 652 748 842 472 542 904 387 286
#00394 15/12/2021 080 876 694 181 179 246 342 410 541 658 884 254 956 239 181 953 505 149 258 063
#00393 13/12/2021 493 998 564 286 590 306 927 366 460 070 657 670 056 661 507 912 829 542 197 202
#00392 10/12/2021 911 221 115 521 008 414 591 650 698 060 276 226 962 656 357 298 360 339 227 224
#00391 08/12/2021 795 829 025 836 766 350 782 068 071 409 452 643 020 148 409 022 402 723 182 057
#00390 06/12/2021 641 172 175 070 412 082 659 719 505 046 734 400 364 291 626 896 651 100 868 498
#00389 03/12/2021 330 390 469 498 350 432 343 340 098 153 048 598 692 189 028 550 067 447 215 990
#00388 01/12/2021 580 175 257 189 407 243 210 618 264 108 648 199 006 753 281 901 259 851 218 463
#00387 29/11/2021 254 227 575 207 828 190 629 504 489 039 005 773 093 074 344 280 777 678 708 057
#00386 26/11/2021 801 083 156 005 276 978 536 963 346 352 142 354 875 647 553 756 941 955 837 697
#00385 24/11/2021 270 975 176 536 388 821 086 005 074 783 629 781 134 024 416 259 497 968 699 751
#00384 22/11/2021 706 569 164 100 950 605 321 934 351 757 572 767 775 917 357 621 091 801 527 735
#00383 19/11/2021 426 407 967 094 433 199 114 435 474 108 407 979 690 674 410 108 034 182 311 611
#00382 17/11/2021 912 963 512 147 556 104 863 937 202 365 700 711 785 802 220 576 262 256 965 496
#00381 15/11/2021 450 981 963 911 124 721 905 676 184 747 266 181 574 378 091 291 453 658 192 767
#00380 12/11/2021 511 910 029 475 839 491 510 272 800 074 822 308 226 205 042 464 753 899 635 842
#00379 10/11/2021 823 799 306 511 659 954 215 562 080 933 285 791 760 139 952 640 139 701 303 781
#00378 08/11/2021 965 980 170 152 192 648 743 235 153 403 223 483 875 843 241 064 764 349 160 541
#00377 05/11/2021 966 161 084 909 499 399 371 045 598 188 647 764 071 970 517 805 410 465 914 720
#00376 03/11/2021 192 747 635 926 956 586 831 451 878 501 481 377 961 436 663 809 118 160 637 755
#00375 01/11/2021 248 314 909 220 826 664 145 272 413 385 262 790 664 108 627 426 506 515 007 783
#00374 29/10/2021 072 800 085 529 067 575 782 847 672 846 835 080 298 347 003 090 451 663 696 507
#00373 27/10/2021 887 918 893 304 837 877 774 163 266 611 522 981 364 122 661 241 954 245 157 574
#00372 25/10/2021 591 564 739 180 668 452 460 869 460 270 172 271 589 824 594 759 045 685 486 843
#00371 22/10/2021 942 820 178 649 992 854 554 878 780 420 544 372 536 842 754 550 411 518 327 164
#00370 20/10/2021 386 405 919 787 895 629 477 434 212 878 223 872 276 833 156 466 230 190 504 218
#00369 18/10/2021 853 488 960 180 148 327 777 453 982 425 704 033 548 832 906 856 693 639 924 601
#00368 15/10/2021 886 682 116 706 756 964 014 133 198 029 288 068 699 592 502 074 796 761 285 567
#00367 13/10/2021 513 527 016 310 839 458 037 305 283 710 526 943 393 010 141 052 056 210 923 781
#00366 11/10/2021 699 054 612 184 859 682 126 823 703 831 020 681 441 464 281 550 807 813 133 587
#00365 08/10/2021 516 533 090 149 195 937 763 403 904 315 257 433 728 893 048 873 650 180 375 659
#00364 06/10/2021 621 957 941 545 938 302 009 734 275 351 533 721 149 470 399 905 043 300 132 437
#00363 04/10/2021 959 372 100 784 361 021 341 464 914 174 679 150 656 650 214 932 941 504 344 999
#00362 01/10/2021 262 686 465 519 885 315 241 529 342 371 425 338 929 722 887 701 126 661 666 378
#00361 29/09/2021 082 701 781 817 503 711 325 810 564 536 446 470 890 977 450 602 443 860 476 817
#00360 27/09/2021 590 440 583 447 141 728 936 701 106 342 325 981 904 701 582 933 997 223 731 028
#00359 24/09/2021 011 272 754 730 768 204 947 734 836 900 128 524 991 656 786 377 384 425 856 909
#00358 22/09/2021 266 281 844 255 341 302 336 793 709 685 466 643 032 406 174 572 051 773 947 138
#00357 20/09/2021 459 358 166 138 337 763 377 837 394 229 214 701 518 784 063 147 058 121 646 302
#00356 17/09/2021 703 823 767 104 855 771 598 841 083 919 984 951 206 318 802 897 943 834 477 116
#00355 15/09/2021 365 681 939 105 956 037 496 241 148 921 936 890 205 846 586 581 217 531 989 209
#00354 13/09/2021 567 917 620 536 487 394 877 758 231 041 219 542 516 896 142 536 961 160 276 038
#00353 10/09/2021 205 562 098 676 317 065 030 827 340 795 466 434 382 253 690 021 189 269 992 039
#00352 08/09/2021 349 931 121 886 919 089 629 330 152 372 470 913 515 778 283 268 890 096 492 553
#00351 06/09/2021 412 160 658 381 408 457 369 570 920 654 058 074 315 777 968 258 940 895 404 253
#00350 03/09/2021 601 254 333 582 128 243 158 129 062 028 222 250 726 942 924 295 027 026 757 359
#00349 01/09/2021 243 646 532 754 411 802 097 247 631 377 167 505 334 936 766 551 980 709 965 665
#00348 30/08/2021 610 138 917 021 277 546 819 438 558 690 700 157 560 269 939 637 610 175 809 542
#00347 27/08/2021 243 558 557 144 253 426 587 939 077 344 353 339 008 318 701 181 421 142 707 085
#00346 25/08/2021 260 952 554 581 798 886 531 489 400 401 158 256 808 849 298 387 719 696 546 421
#00345 23/08/2021 069 085 002 086 328 587 826 161 150 719 112 240 628 715 360 609 372 355 391 779
#00344 20/08/2021 777 774 077 638 939 482 059 829 686 316 861 972 671 107 353 677 001 554 858 824
#00343 18/08/2021 027 389 998 973 243 136 484 527 324 859 428 499 377 875 177 646 120 175 513 601
#00342 23/07/2021 859 330 863 931 816 141 764 903 106 927 721 579 803 058 250 128 969 653 152 416
#00341 21/07/2021 226 409 372 404 137 989 155 001 499 153 176 885 574 167 473 618 919 597 722 632
#00340 19/07/2021 157 466 891 653 686 578 165 994 911 260 657 215 806 247 491 806 973 547 058 616
#00339 16/07/2021 519 092 857 129 593 525 941 972 502 267 809 013 004 227 474 986 919 986 214 074
#00338 14/07/2021 178 539 876 030 530 498 166 702 215 217 677 224 178 157 676 431 705 496 161 667
#00337 12/07/2021 709 189 513 979 332 493 579 688 128 415 157 224 829 224 396 547 052 721 879 239
#00336 09/07/2021 501 277 235 413 225 774 342 155 717 940 838 914 661 752 255 586 391 496 896 259
#00335 07/07/2021 921 449 480 490 708 721 086 998 534 891 143 210 398 913 366 548 432 617 157 391
#00334 05/07/2021 567 807 764 482 463 442 147 518 532 610 957 717 636 625 574 618 252 414 003 914
#00333 02/07/2021 111 453 416 423 076 675 931 633 826 849 933 331 341 565 100 289 182 552 116 916
#00332 30/06/2021 499 134 802 986 509 289 375 649 857 206 815 465 776 347 976 382 021 941 719 807
#00331 28/06/2021 750 352 576 517 036 370 402 176 606 670 630 889 449 943 176 786 669 897 121 859
#00330 25/06/2021 548 546 384 672 596 256 296 131 198 731 359 121 808 578 006 997 321 640 788 402
#00329 23/06/2021 230 926 002 466 160 483 389 573 375 639 589 867 674 367 409 251 573 919 077 655
#00328 21/06/2021 382 729 112 308 752 547 766 528 332 676 043 197 585 163 311 305 022 122 144 835
#00327 18/06/2021 973 172 343 799 951 849 159 222 694 155 870 856 514 637 171 017 382 754 261 739
#00326 16/06/2021 340 533 865 968 010 491 323 125 572 033 626 546 037 577 155 775 456 491 179 699
#00325 14/06/2021 446 617 039 888 754 228 039 936 104 462 748 081 839 602 506 114 770 776 361 217
#00324 11/06/2021 071 441 580 580 058 627 507 396 390 130 366 564 855 278 841 139 662 211 126 751
#00323 09/06/2021 366 086 786 323 098 480 843 734 632 827 439 926 529 424 196 455 888 133 933 973
#00322 07/06/2021 114 751 745 606 181 926 891 319 222 391 329 953 656 020 925 528 305 520 382 283
#00321 04/06/2021 760 239 917 354 075 838 587 620 853 955 796 229 404 984 799 759 443 037 411 158
#00320 02/06/2021 104 555 481 038 421 922 968 549 999 769 669 529 533 030 277 237 993 935 314 928
#00319 31/05/2021 678 743 664 443 734 903 454 700 610 746 790 278 485 513 531 732 793 087 909 304
#00318 28/05/2021 101 040 720 248 242 461 530 336 082 060 037 696 731 226 182 087 060 952 030 290
#00317 26/05/2021 055 304 244 542 251 668 326 712 617 041 079 079 158 147 145 422 377 349 793 840
#00316 24/05/2021 074 069 497 279 184 015 775 916 181 116 185 566 937 462 329 637 760 228 889 103
#00315 21/05/2021 621 161 391 968 654 858 644 075 052 072 619 192 886 428 431 850 570 403 970 821
#00314 19/05/2021 883 002 590 898 412 288 691 597 683 646 984 619 932 099 702 306 950 340 265 028
#00313 17/05/2021 727 916 486 164 572 846 175 470 490 227 304 702 152 263 425 473 882 949 239 023
#00312 14/05/2021 946 285 765 560 650 993 983 953 476 188 795 518 217 451 317 211 511 182 192 165
#00311 12/05/2021 321 349 573 060 966 133 804 562 661 787 903 617 962 281 256 127 322 863 068 610
#00310 10/05/2021 584 934 496 835 875 293 866 418 393 512 718 197 005 914 037 386 419 192 404 919
#00309 07/05/2021 105 487 151 081 975 719 485 216 868 145 737 505 117 073 381 032 166 684 239 524
#00308 05/05/2021 939 719 317 371 492 267 857 910 867 856 392 892 204 539 792 303 484 209 557 063
#00307 03/05/2021 872 096 731 646 111 222 025 587 407 161 558 268 079 179 918 485 306 860 210 551
#00306 30/04/2021 380 919 263 039 556 562 810 287 123 368 771 450 622 721 830 987 237 536 350 546
#00305 28/04/2021 320 752 751 683 120 721 524 613 267 369 307 449 593 021 684 562 784 784 056 347
#00304 26/04/2021 337 470 803 822 990 945 800 105 649 706 849 463 615 726 886 641 474 393 261 326
#00303 23/04/2021 993 890 444 551 868 604 227 258 078 412 969 137 675 818 396 013 234 182 570 539
#00302 21/04/2021 532 419 247 375 499 321 007 958 510 265 376 047 196 224 515 832 596 940 847 720
#00301 19/04/2021 990 222 023 411 797 884 730 225 867 017 231 457 145 548 367 835 228 704 051 690
#00300 16/04/2021 052 683 506 707 853 226 441 450 569 891 159 877 880 625 515 520 574 086 195 636
#00299 14/04/2021 654 993 070 378 803 281 715 395 241 720 654 827 734 007 091 849 430 029 301 111
#00298 12/04/2021 702 591 679 636 743 853 551 211 786 668 012 977 398 797 937 877 459 441 004 709
#00297 09/04/2021 068 458 003 210 387 195 302 671 770 141 259 542 012 906 832 984 252 425 214 786
#00296 07/04/2021 364 247 380 311 187 405 968 125 979 706 000 450 423 612 378 857 935 283 644 474
#00295 05/04/2021 540 135 610 460 190 641 843 611 898 918 450 043 275 276 394 763 013 743 035 222
#00294 02/04/2021 523 582 513 315 508 586 381 836 349 281 837 968 511 582 885 131 727 223 936 295
#00293 31/03/2021 596 694 694 954 368 055 861 054 941 872 878 702 856 412 301 813 003 887 438 596
#00292 29/03/2021 175 075 881 705 008 290 578 317 023 210 508 432 200 389 193 874 681 166 363 925
#00291 26/03/2021 652 320 439 467 076 394 189 248 712 107 150 812 181 170 865 283 754 043 687 627
#00290 24/03/2021 796 101 074 452 592 675 399 886 410 294 689 425 441 489 381 538 371 555 083 055
#00289 22/03/2021 408 930 219 437 923 585 484 263 917 883 337 769 645 665 186 932 086 457 051 630
#00288 19/03/2021 486 130 910 094 039 617 091 828 537 617 892 952 344 336 072 012 813 024 983 786
#00287 17/03/2021 715 732 247 380 280 911 625 048 968 297 248 670 067 826 431 865 558 947 043 712
#00286 15/03/2021 677 449 508 573 160 502 693 979 340 122 102 273 425 636 856 386 484 520 618 414
#00285 12/03/2021 527 409 737 335 991 598 931 000 506 883 069 767 514 336 970 318 238 068 871 882
#00284 10/03/2021 706 826 511 883 937 067 831 123 725 456 929 754 884 814 850 258 804 099 510 350
#00283 08/03/2021 255 162 284 177 594 050 437 967 611 574 415 819 509 372 662 805 669 086 376 281
#00282 05/03/2021 617 030 497 287 844 095 450 229 901 168 862 019 073 036 117 780 718 363 412 095
#00281 03/03/2021 654 975 421 589 287 339 600 917 797 624 859 766 130 103 554 062 243 463 883 961
#00280 01/03/2021 422 702 921 063 250 068 177 201 203 715 701 851 389 285 312 028 471 950 525 813
#00279 26/02/2021 817 472 014 873 991 724 262 434 348 223 157 851 543 739 560 468 165 878 453 153
#00278 24/02/2021 197 794 836 471 575 607 393 557 360 781 942 076 156 015 648 664 871 436 550 733
#00277 22/02/2021 805 163 768 786 770 143 568 234 827 854 857 354 847 532 424 561 799 559 214 021
#00276 19/02/2021 252 285 572 033 668 559 295 584 084 841 525 647 332 451 473 115 813 705 191 005
#00275 17/02/2021 865 250 512 004 845 115 776 159 639 289 052 942 583 523 501 676 848 525 852 993
#00274 15/02/2021 095 166 269 559 878 538 482 021 627 652 507 829 223 192 641 594 317 441 309 398
#00273 10/02/2021 664 446 933 482 740 224 706 160 222 979 854 168 741 910 039 845 353 647 245 962
#00272 08/02/2021 052 682 610 959 737 453 936 822 432 570 396 893 254 377 942 679 935 711 658 548
#00271 05/02/2021 226 491 163 713 127 516 811 446 966 719 205 201 924 139 386 347 637 421 526 900
#00270 03/02/2021 862 869 458 662 135 018 391 946 223 788 491 058 306 661 528 705 770 318 067 916
#00269 01/02/2021 126 109 618 551 173 392 359 728 216 026 096 149 817 679 118 786 156 301 546 088
#00268 29/01/2021 273 198 713 900 373 491 841 794 715 945 962 299 812 147 857 366 117 733 163 651
#00267 27/01/2021 037 159 407 146 568 539 525 896 240 750 101 600 659 726 237 821 060 827 289 030
#00266 25/01/2021 892 989 212 240 511 777 880 717 172 149 716 984 255 644 904 450 056 158 624 406
#00265 22/01/2021 747 385 716 586 212 932 842 396 886 376 681 215 732 892 964 742 601 329 532 326
#00264 20/01/2021 070 990 979 533 718 984 359 369 746 918 123 824 909 778 019 014 000 982 434 213
#00263 18/01/2021 517 800 294 134 107 286 084 324 402 857 444 250 153 300 814 005 371 740 946 629
#00262 15/01/2021 677 624 651 595 933 790 366 494 611 530 027 854 257 530 624 210 269 695 701 287
#00261 13/01/2021 289 734 972 438 906 088 570 094 836 653 483 680 913 766 019 018 505 057 982 980
#00260 11/01/2021 160 868 282 560 263 721 321 373 412 697 147 311 278 960 229 593 082 319 657 042
#00259 08/01/2021 841 631 740 450 940 993 557 838 241 340 441 765 806 296 249 835 056 589 397 912
#00258 06/01/2021 193 427 513 602 294 261 221 591 571 503 878 070 792 878 696 313 421 239 648 736
#00257 04/01/2021 730 130 064 643 297 083 358 587 337 893 912 493 661 219 252 145 374 688 748 525
#00256 01/01/2021 200 794 403 006 933 371 853 249 389 113 834 861 001 640 721 423 028 980 732 818
#00255 30/12/2020 276 377 230 568 378 661 021 552 300 798 612 291 105 610 867 296 435 846 159 382
#00254 28/12/2020 654 689 179 791 194 758 710 624 799 719 420 095 790 000 309 333 039 191 220 389
#00253 25/12/2020 030 722 476 230 821 547 923 584 041 917 886 535 619 156 387 408 667 220 852 521
#00252 23/12/2020 739 995 289 043 534 419 976 015 026 809 746 236 157 317 242 690 738 980 523 506
#00251 21/12/2020 420 581 908 079 036 321 607 180 087 256 208 621 904 033 785 890 145 990 088 807
#00250 18/12/2020 467 496 117 799 285 378 651 877 950 385 265 147 212 104 610 245 391 315 531 135
#00249 16/12/2020 843 033 553 510 890 949 878 171 943 153 019 759 422 846 627 894 917 120 172 097
#00248 14/12/2020 091 143 982 508 730 501 054 855 989 983 015 237 465 329 742 192 314 401 182 265
#00247 11/12/2020 548 272 694 908 024 169 307 041 900 557 351 240 474 318 929 186 287 662 261 865
#00246 09/12/2020 004 230 914 594 261 733 680 624 299 115 802 993 515 925 276 908 719 715 297 953
#00245 07/12/2020 715 369 689 817 629 316 048 786 969 726 412 737 732 488 045 693 421 143 216 056
#00244 04/12/2020 590 940 310 465 464 365 060 195 193 950 031 860 353 944 294 566 301 753 846 455
#00243 02/12/2020 696 874 597 138 626 310 637 916 982 406 906 927 147 792 550 460 146 421 722 844
#00242 30/11/2020 472 733 100 242 907 163 205 720 102 179 347 227 675 382 215 150 521 672 470 655
#00241 27/11/2020 939 257 556 051 159 380 491 710 845 132 227 124 092 191 680 338 586 916 930 412
#00240 25/11/2020 697 438 768 033 890 452 903 520 822 462 659 309 221 156 057 967 223 964 136 349
#00239 23/11/2020 277 557 412 961 921 211 085 492 647 157 487 866 839 091 807 664 096 384 297 132
#00238 20/11/2020 268 488 301 781 316 913 752 043 995 976 470 169 207 642 780 154 967 533 048 941
#00237 18/11/2020 914 642 469 005 301 896 181 177 307 153 938 685 154 276 841 269 806 499 189 905
#00236 16/11/2020 571 615 984 695 144 151 800 012 404 103 467 948 546 064 068 213 686 855 307 628
#00235 13/11/2020 355 413 331 754 741 821 598 342 692 373 430 341 032 705 693 706 600 936 385 906
#00234 11/11/2020 708 157 565 525 666 248 605 451 425 165 793 043 010 094 676 012 863 049 417 592
#00233 09/11/2020 065 901 603 782 015 911 846 232 629 901 360 661 027 913 611 423 618 027 153 022
#00232 06/11/2020 840 262 372 096 824 142 730 667 587 775 287 579 058 472 177 147 364 018 458 164
#00231 04/11/2020 297 497 404 083 225 625 493 122 446 493 783 431 832 695 572 385 372 774 726 996
#00230 02/11/2020 394 063 612 935 089 857 625 332 692 925 410 432 109 638 295 058 336 838 369 985
#00229 30/10/2020 050 820 807 520 796 845 221 728 706 708 426 754 886 644 875 606 543 733 470 725
#00228 28/10/2020 695 061 618 923 879 178 628 452 557 645 958 565 792 897 256 206 383 845 631 427
#00227 26/10/2020 971 414 716 408 240 119 059 329 007 059 515 609 390 477 211 793 948 776 333 786
#00226 23/10/2020 902 079 351 190 309 499 451 426 079 339 396 623 909 357 022 712 470 876 460 429
#00225 21/10/2020 797 579 650 608 334 431 825 487 616 533 057 015 257 521 626 189 573 334 765 754
#00224 19/10/2020 962 091 876 603 138 321 509 413 834 790 130 029 689 499 333 194 262 208 589 296
#00223 16/10/2020 402 573 627 744 622 799 361 777 588 381 856 129 144 847 144 147 848 868 263 768
#00222 14/10/2020 668 415 087 035 640 409 635 576 743 435 072 063 843 179 945 105 147 476 759 637
#00221 12/10/2020 261 774 577 029 329 912 387 794 575 767 135 529 612 723 289 226 786 490 452 556
#00220 09/10/2020 704 616 736 960 090 615 622 869 439 208 356 824 980 255 714 310 321 773 121 910
#00219 07/10/2020 954 598 015 549 138 072 107 515 378 192 285 671 912 195 298 904 241 178 725 799
#00218 05/10/2020 966 964 241 595 293 293 132 856 746 674 703 464 277 330 692 982 225 779 966 818
#00217 02/10/2020 696 955 075 041 191 943 681 368 801 854 184 523 347 616 940 463 352 498 135 198
#00216 30/09/2020 745 066 973 380 862 088 683 553 245 190 762 882 812 796 123 365 236 606 390 611
#00215 28/09/2020 370 537 486 950 645 259 650 305 458 795 784 325 592 396 870 507 155 727 068 790
#00214 25/09/2020 420 853 875 231 935 495 443 834 508 494 047 100 890 507 189 867 220 971 058 516
#00213 23/09/2020 881 531 099 211 277 489 748 529 608 472 716 962 841 567 000 520 518 761 471 153
#00212 21/09/2020 725 389 542 810 993 537 022 270 734 050 499 608 221 219 224 646 367 967 239 019
#00211 18/09/2020 760 809 789 436 295 569 570 380 896 379 971 780 330 148 814 153 751 757 208 856
#00210 16/09/2020 376 030 251 782 571 820 069 436 565 976 693 435 501 496 439 303 571 711 451 919
#00209 14/09/2020 210 182 999 123 621 021 338 209 747 839 659 108 238 954 441 027 192 318 780 944
#00208 11/09/2020 679 067 553 115 506 525 537 947 572 686 993 479 327 372 310 262 622 516 279 059
#00207 09/09/2020 769 879 497 808 001 583 783 662 487 140 874 154 668 098 049 178 161 628 483 327
#00206 07/09/2020 562 120 842 647 461 680 604 927 923 442 312 238 146 303 061 168 885 972 867 183
#00205 04/09/2020 449 531 322 321 351 502 434 709 031 049 134 772 000 511 975 604 062 036 692 630
#00204 02/09/2020 988 944 331 480 430 180 615 070 362 532 066 284 437 048 649 481 945 493 965 377
#00203 31/08/2020 155 938 027 879 457 439 276 326 228 210 449 664 502 097 882 581 776 807 844 284
#00202 28/08/2020 023 498 794 101 615 183 212 520 248 870 075 940 422 509 437 860 821 149 567 425
#00201 26/08/2020 337 802 519 267 292 216 721 599 660 172 528 244 017 188 377 810 761 530 762 447
#00200 24/08/2020 387 534 986 598 382 909 944 127 080 362 045 734 069 003 414 383 489 694 117 301
#00199 21/08/2020 815 349 144 698 540 587 446 827 565 298 287 627 342 639 365 102 384 348 372 037
#00198 19/08/2020 165 338 887 001 387 313 646 913 962 476 197 137 309 653 895 910 928 387 665 236
#00197 17/08/2020 450 539 997 648 923 550 756 121 179 033 170 451 949 491 834 937 513 361 752 441
#00196 14/08/2020 542 026 554 897 185 650 665 240 329 681 868 889 184 920 149 337 053 174 889 500
#00195 12/08/2020 510 754 281 024 074 249 983 059 277 063 651 527 559 718 313 674 002 908 823 391
#00194 10/08/2020 956 806 126 660 131 240 721 488 887 021 014 606 310 759 917 553 481 054 398 246
#00193 07/08/2020 434 762 115 357 207 522 768 521 301 401 209 453 774 613 156 588 411 792 282 789
#00192 05/08/2020 419 002 010 680 596 776 209 348 036 646 913 958 399 362 190 260 766 811 351 379
#00191 03/08/2020 467 523 437 348 706 817 243 071 797 721 776 751 462 911 585 173 359 023 524 084
#00190 31/07/2020 648 862 490 472 920 974 526 289 641 017 517 141 292 516 256 434 320 180 666 106
#00189 29/07/2020 611 395 214 122 743 071 750 071 098 764 079 572 959 134 157 145 611 670 793 963
#00188 27/07/2020 299 933 657 868 833 595 794 783 292 283 994 169 333 905 913 821 317 789 663 216
#00187 24/07/2020 477 370 998 319 413 064 782 197 879 920 568 368 710 434 030 001 091 012 179 855
#00186 22/07/2020 270 052 266 941 477 963 560 386 974 213 346 775 222 705 268 908 286 612 210 223
#00185 20/07/2020 376 452 384 026 723 456 908 881 823 685 908 650 972 183 589 835 367 822 022 375
#00184 17/07/2020 994 207 371 543 918 013 612 560 986 405 606 350 141 581 303 832 301 773 350 132
#00183 15/07/2020 792 922 971 335 608 278 720 577 769 328 046 303 392 461 973 875 477 427 072 656
#00182 13/07/2020 750 309 322 006 274 230 744 824 715 676 690 863 368 473 947 523 616 689 003 325
#00181 10/07/2020 329 809 217 974 717 427 064 714 647 974 614 033 147 895 378 584 494 215 079 528
#00180 08/07/2020 760 446 194 255 391 500 176 612 274 102 833 472 209 150 841 312 426 537 792 685
#00179 06/07/2020 751 930 113 110 483 970 184 066 634 736 740 780 090 977 978 105 560 184 473 124
#00178 03/07/2020 998 144 457 984 859 226 960 458 486 022 654 138 807 206 854 164 478 681 573 358
#00177 01/07/2020 867 468 058 839 975 104 084 432 359 396 777 646 227 839 293 582 080 553 281 429
#00176 29/06/2020 524 190 418 239 670 332 332 499 907 852 637 934 744 809 416 450 630 117 682 519
#00175 26/06/2020 394 684 041 331 707 084 112 589 742 323 689 028 035 745 487 460 201 439 833 916
#00174 24/06/2020 956 510 589 375 377 379 556 742 431 765 304 925 026 835 637 004 088 794 499 848
#00173 22/06/2020 289 875 036 207 551 898 286 849 871 670 235 827 456 019 782 245 540 764 429 157
#00172 19/06/2020 852 212 324 610 085 246 784 252 022 391 889 889 445 370 129 596 857 673 704 943
#00171 17/06/2020 141 258 448 545 842 839 920 530 743 249 099 983 576 156 374 435 048 902 547 186
#00170 15/06/2020 281 308 989 154 171 582 299 444 711 274 154 523 589 027 868 575 604 752 664 633
#00169 12/06/2020 928 235 455 051 348 934 896 895 100 586 565 587 708 706 348 493 511 419 026 198
#00168 10/06/2020 614 631 634 094 684 477 376 321 906 437 900 104 604 133 820 340 644 034 666 599
#00167 08/06/2020 056 256 676 080 529 083 920 671 169 401 504 731 356 683 426 845 048 838 205 203
#00166 05/06/2020 736 228 595 535 378 865 338 949 857 097 686 697 089 284 073 225 917 450 692 722
#00165 03/06/2020 251 537 446 400 246 109 057 043 946 243 751 216 833 276 364 158 228 533 203 142
#00164 01/06/2020 604 192 118 099 601 081 695 095 153 631 973 077 380 035 547 656 815 390 205 819
#00163 29/05/2020 678 731 812 963 745 919 891 202 054 462 814 855 837 018 255 425 243 094 118 053
#00162 27/05/2020 579 785 583 668 522 518 469 213 876 220 804 328 926 234 247 078 405 391 698 475
#00161 25/05/2020 973 378 622 536 358 271 213 742 276 527 981 090 328 882 075 116 712 225 267 984
#00160 22/05/2020 291 376 614 458 760 587 792 866 068 155 138 455 262 748 006 572 412 881 794 732
#00159 20/05/2020 124 457 694 221 663 591 506 469 150 295 793 049 584 574 296 613 003 634 159 565
#00158 18/05/2020 123 044 612 548 497 963 032 255 010 985 977 298 612 079 490 609 786 477 799 428
#00157 15/05/2020 826 771 838 976 489 696 580 786 180 902 764 876 826 133 416 762 504 665 406 635
#00156 13/05/2020 353 204 191 607 127 268 313 090 856 118 969 477 550 009 060 884 205 245 835 073
#00155 11/05/2020 032 346 722 616 214 420 323 330 087 978 878 459 441 388 685 105 445 419 920 361
#00154 08/05/2020 273 377 566 846 543 972 341 315 564 474 188 596 835 927 400 955 728 438 027 026
#00153 06/05/2020 519 093 322 414 051 343 895 220 338 834 603 706 710 072 653 976 974 170 489 545
#00152 04/05/2020 640 138 791 171 701 060 276 623 030 825 756 825 217 240 725 073 638 284 697 331
#00151 01/05/2020 176 928 843 370 625 703 569 324 121 930 854 867 153 816 421 700 070 939 331 085
#00150 29/04/2020 484 835 740 004 089 187 908 256 835 430 494 905 087 590 643 552 932 980 528 650
#00149 27/04/2020 069 122 002 142 545 724 769 221 459 291 773 073 890 434 849 203 738 038 094 401
#00148 24/04/2020 222 256 755 331 822 727 284 474 278 563 129 895 121 999 867 949 867 963 716 617
#00147 30/03/2020 146 350 869 527 161 756 390 275 574 346 724 707 021 456 935 207 185 591 933 103
#00146 27/03/2020 983 357 256 531 746 058 193 677 860 521 377 139 739 687 017 667 378 178 886 253
#00145 25/03/2020 246 729 580 282 613 779 321 950 292 245 408 473 538 625 250 583 071 860 427 975
#00144 23/03/2020 648 918 467 073 636 124 526 603 762 503 029 833 367 628 447 960 186 170 569 003
#00143 20/03/2020 788 096 186 530 267 256 839 423 450 852 965 391 325 199 639 052 615 185 071 294
#00142 18/03/2020 743 482 832 082 833 990 239 714 845 960 861 760 741 035 164 745 960 067 749 400
#00141 16/03/2020 678 981 159 875 899 425 682 076 988 154 417 791 705 573 323 984 779 392 006 881
#00140 13/03/2020 509 028 726 246 451 058 933 299 456 212 300 628 370 093 054 239 368 134 254 963
#00139 11/03/2020 347 930 328 865 679 095 370 542 047 208 191 101 309 997 296 851 097 380 565 046
#00138 09/03/2020 145 109 924 677 064 390 943 022 498 197 306 313 638 843 021 445 596 084 757 003
#00137 06/03/2020 197 736 784 798 914 638 475 714 288 025 599 619 449 810 790 568 150 741 384 428
#00136 04/03/2020 940 204 086 610 327 230 283 855 200 878 369 986 933 874 645 027 436 425 193 261
#00135 02/03/2020 323 895 787 062 745 864 549 796 948 660 307 776 370 893 322 965 068 446 289 470
#00134 28/02/2020 512 626 761 866 357 855 564 855 571 957 163 741 610 199 014 625 670 572 288 497
#00133 26/02/2020 054 157 046 041 236 152 575 485 406 764 556 802 430 341 738 790 750 839 182 367
#00132 24/02/2020 081 350 560 458 068 250 573 460 652 170 636 912 646 072 769 071 757 376 412 198
#00131 21/02/2020 361 281 715 795 509 691 290 985 946 542 366 993 025 489 983 851 022 799 400 567
#00130 19/02/2020 325 957 497 877 083 158 471 011 684 026 460 951 082 819 962 760 381 313 551 542
#00129 17/02/2020 539 259 720 870 190 019 144 103 356 236 849 016 059 293 390 755 102 397 666 423
#00128 14/02/2020 551 579 685 806 896 960 113 433 459 217 947 040 637 689 847 849 464 433 171 754
#00127 12/02/2020 163 546 048 681 839 939 816 316 133 672 473 646 640 973 963 717 584 772 626 963
#00126 10/02/2020 023 862 563 687 570 922 914 982 329 149 250 250 043 721 322 938 408 521 585 882
#00125 07/02/2020 824 521 354 291 853 215 256 019 016 510 291 524 379 180 967 062 338 947 199 206
#00124 05/02/2020 341 057 080 906 124 489 545 439 329 409 466 099 243 270 623 804 616 365 088 813
#00123 03/02/2020 518 309 511 091 501 487 720 517 339 759 350 634 481 200 149 556 811 866 964 696
#00122 31/01/2020 965 868 278 058 252 647 362 527 147 075 541 001 888 725 825 509 595 844 092 062
#00121 29/01/2020 321 522 541 432 652 238 287 351 527 344 885 934 162 354 894 566 593 572 759 280
#00120 27/01/2020 325 026 958 271 873 522 691 529 506 275 390 020 809 924 759 383 495 760 108 937
#00119 22/01/2020 305 384 320 920 903 394 025 056 519 117 861 462 161 282 158 518 527 368 676 979
#00118 20/01/2020 241 623 714 645 832 300 630 510 947 791 311 180 801 518 526 336 160 714 647 217
#00117 17/01/2020 324 547 353 540 173 917 356 660 144 307 533 253 396 350 051 016 013 897 507 175
#00116 15/01/2020 143 101 590 442 307 747 411 237 336 955 779 224 674 066 454 411 457 164 670 520
#00115 13/01/2020 694 954 933 490 762 689 008 531 792 175 453 045 167 596 030 357 396 889 930 080
#00114 10/01/2020 341 743 849 403 362 155 820 568 699 692 931 449 511 329 788 477 089 705 336 343
#00113 08/01/2020 780 925 056 757 411 040 451 380 315 236 669 206 573 573 780 578 120 667 366 719
#00112 06/01/2020 932 452 746 184 932 478 268 953 343 993 073 927 423 803 660 271 577 783 925 787
#00111 03/01/2020 860 208 240 210 296 048 727 870 040 059 059 627 852 720 076 966 837 588 980 774
#00110 01/01/2020 144 558 144 176 073 070 608 100 439 046 894 116 861 365 380 117 335 199 330 204
#00109 30/12/2019 055 526 852 173 682 210 158 871 870 330 273 074 812 851 929 574 293 329 248 594
#00108 27/12/2019 386 802 646 195 181 001 131 464 052 373 372 617 966 499 265 059 279 523 597 761
#00107 25/12/2019 838 193 131 255 257 419 779 600 537 964 344 320 949 319 329 500 218 929 365 666
#00106 23/12/2019 158 508 383 429 063 800 795 290 413 110 346 778 430 621 163 793 349 376 788 806
#00105 20/12/2019 430 978 672 459 599 052 552 395 254 349 603 683 033 643 790 367 066 141 333 056
#00104 18/12/2019 631 264 571 300 919 606 050 716 088 842 987 550 374 463 751 977 400 583 083 054
#00103 16/12/2019 593 145 500 578 843 358 895 077 574 358 052 496 500 729 553 655 078 606 579 834
#00102 13/12/2019 331 269 720 753 558 188 928 336 714 960 552 854 008 076 934 660 955 169 094 193
#00101 11/12/2019 678 492 122 138 094 162 321 501 787 649 626 097 717 098 195 329 769 975 196 046
#00100 09/12/2019 804 796 604 039 099 873 643 489 433 459 017 232 996 424 392 556 812 423 821 555
#00099 06/12/2019 525 506 064 902 453 949 844 836 277 635 136 034 592 531 590 989 453 636 811 454
#00098 04/12/2019 037 667 593 150 204 733 295 492 659 403 804 891 354 910 513 944 449 857 753 056
#00097 02/12/2019 230 703 691 465 662 133 607 212 865 099 045 895 232 932 442 898 627 330 200 303
#00096 29/11/2019 251 660 337 765 143 964 673 778 108 356 755 576 776 301 702 149 414 318 354 810
#00095 27/11/2019 395 596 942 920 833 657 687 396 651 014 415 469 033 117 489 369 711 970 647 124
#00094 25/11/2019 766 107 706 430 440 229 963 141 373 593 150 287 121 419 123 547 165 031 235 555
#00093 22/11/2019 621 309 027 744 010 961 558 122 030 440 619 112 248 021 366 334 995 476 666 949
#00092 20/11/2019 438 646 536 341 039 682 993 244 089 236 806 727 142 287 576 887 319 978 977 900
#00091 18/11/2019 389 270 367 391 661 221 285 710 409 469 324 722 841 372 656 168 145 134 911 095
#00090 15/11/2019 734 003 849 594 325 910 177 497 720 482 399 157 857 873 444 939 695 634 309 210
#00089 13/11/2019 493 927 868 361 213 583 515 427 903 864 789 151 078 370 525 170 854 845 954 091
#00088 11/11/2019 554 076 032 905 504 278 293 907 344 354 694 565 597 213 750 644 998 157 703 313
#00087 08/11/2019 407 209 075 100 820 102 439 553 059 780 578 815 634 703 284 385 882 207 658 018
#00086 06/11/2019 601 741 205 553 359 256 075 496 804 744 039 789 909 767 488 091 719 433 338 241
#00085 04/11/2019 102 655 756 867 121 374 148 241 551 530 318 156 655 675 709 117 335 375 561 428
#00084 01/11/2019 511 208 265 532 889 035 372 286 797 468 427 418 900 026 122 067 773 953 764 982
#00083 30/10/2019 272 302 206 613 038 558 947 508 524 517 248 864 916 778 961 126 810 830 871 407
#00082 28/10/2019 729 283 328 859 794 959 954 808 958 403 982 315 055 072 482 763 839 115 652 709
#00081 25/10/2019 595 805 896 739 122 309 543 463 524 607 127 906 806 575 282 932 134 562 504 450
#00080 23/10/2019 303 188 922 553 971 642 036 229 232 576 151 357 550 084 305 421 130 738 382 116
#00079 21/10/2019 764 715 306 192 470 181 714 908 880 711 960 456 359 166 081 619 265 001 163 957
#00078 18/10/2019 412 747 046 418 954 999 040 240 877 239 426 233 002 852 176 849 773 217 050 087
#00077 16/10/2019 914 331 566 517 555 215 240 939 840 446 038 405 740 123 706 909 014 077 391 159
#00076 14/10/2019 000 539 522 178 905 719 728 284 669 470 743 584 945 657 415 252 977 715 855 365
#00075 11/10/2019 067 366 546 866 749 266 624 881 768 025 553 561 237 660 091 545 038 699 368 415
#00074 09/10/2019 177 355 479 195 050 740 981 214 214 260 523 524 225 525 672 315 611 482 879 106
#00073 07/10/2019 998 476 352 259 265 131 954 227 357 838 894 500 598 680 083 655 269 988 918 474
#00072 04/10/2019 671 331 684 163 866 829 420 136 037 893 841 706 442 990 784 564 836 950 321 457
#00071 02/10/2019 880 954 618 222 045 619 753 878 589 972 076 085 156 656 422 803 934 602 975 605
#00070 30/09/2019 824 828 335 094 161 705 287 212 305 225 229 265 343 093 425 165 399 883 667 947
#00069 27/09/2019 188 626 538 562 708 020 722 362 697 071 040 433 124 922 953 758 841 474 771 832
#00068 25/09/2019 505 184 578 255 224 668 133 305 599 688 622 621 869 170 513 744 039 743 771 155
#00067 23/09/2019 782 713 698 707 987 540 186 748 335 430 056 398 549 660 746 826 040 835 659 130
#00066 20/09/2019 385 456 649 884 176 885 132 072 001 413 692 268 415 350 136 527 255 247 181 562
#00065 18/09/2019 018 833 170 189 094 569 348 788 523 582 061 364 365 010 210 831 052 958 088 493
#00064 16/09/2019 381 116 009 131 406 195 397 387 311 991 122 574 022 191 287 464 559 742 850 613
#00063 13/09/2019 542 854 533 051 524 662 478 320 704 003 650 046 844 945 126 839 362 939 055 797
#00062 11/09/2019 331 824 393 756 582 355 357 106 583 587 433 602 321 772 870 704 677 409 974 834
#00061 09/09/2019 056 961 514 338 058 002 063 988 420 204 058 047 641 439 834 459 822 413 350 677
#00060 06/09/2019 720 868 725 195 384 204 684 235 915 679 751 721 125 924 737 826 125 954 810 802
#00059 04/09/2019 354 633 836 372 916 544 719 346 829 772 599 809 216 346 052 790 084 397 094 288
#00058 02/09/2019 715 489 641 866 968 895 673 890 488 506 486 154 447 442 721 647 953 974 476 531
#00057 30/08/2019 089 402 528 824 521 741 394 861 484 277 516 850 961 064 060 819 145 196 079 639
#00056 28/08/2019 091 771 253 267 129 389 081 838 138 892 270 612 971 399 033 164 989 880 546 632
#00055 26/08/2019 063 759 791 133 709 226 303 101 312 864 092 736 189 565 137 530 141 799 350 703
#00054 23/08/2019 335 046 009 295 972 633 763 576 154 076 045 968 710 982 034 670 525 168 891 543
#00053 21/08/2019 489 700 607 493 982 367 594 837 559 410 116 614 184 850 873 188 739 669 590 234
#00052 19/08/2019 065 911 784 558 919 421 425 531 179 652 509 200 781 045 920 724 803 966 971 690
#00051 16/08/2019 786 678 450 808 991 021 464 084 146 542 065 327 809 277 571 549 132 294 754 083
#00050 14/08/2019 297 697 007 543 604 878 773 460 735 104 126 357 939 966 342 138 344 229 053 497
#00049 12/08/2019 583 485 923 068 525 692 837 643 631 321 293 816 721 653 502 087 308 006 853 683
#00048 09/08/2019 476 730 251 735 285 878 191 760 167 663 805 881 683 227 860 656 060 403 759 010
#00047 07/08/2019 749 333 460 176 299 596 039 875 337 846 149 338 309 721 304 636 840 314 113 537
#00046 05/08/2019 983 640 947 281 799 799 104 720 334 189 884 871 291 163 119 944 212 116 756 026
#00045 02/08/2019 114 087 016 452 040 579 561 812 316 503 564 997 737 084 764 502 736 088 200 697
#00044 31/07/2019 178 975 099 375 680 677 454 820 659 912 751 326 907 209 953 348 656 162 641 935
#00043 29/07/2019 028 766 065 547 888 773 647 780 698 313 751 089 465 772 936 447 647 999 672 857
#00042 26/07/2019 943 504 924 036 168 173 531 614 509 438 494 589 713 824 569 315 611 652 809 421
#00041 24/07/2019 052 619 379 520 255 956 084 567 104 041 427 298 091 498 449 877 141 441 518 043
#00040 22/07/2019 648 986 796 015 520 866 203 577 790 388 625 789 344 005 340 889 034 157 253 986
#00039 19/07/2019 678 537 797 969 786 005 542 897 629 252 020 615 864 485 908 383 862 414 742 205
#00038 17/07/2019 189 082 172 533 625 590 761 610 702 602 977 093 586 368 471 649 635 876 046 057
#00037 15/07/2019 818 501 263 917 647 906 560 025 531 208 453 956 751 690 342 685 783 927 856 157
#00036 12/07/2019 841 406 546 445 613 005 230 474 384 846 513 593 343 258 461 747 070 489 524 660
#00035 10/07/2019 029 181 199 017 571 772 804 984 099 107 137 084 108 698 119 076 474 754 221 056
#00034 08/07/2019 381 406 887 269 619 890 337 099 976 991 739 009 351 126 725 639 124 143 583 444
#00033 05/07/2019 043 061 445 584 020 125 557 587 906 766 712 809 370 132 696 185 985 772 230 420
#00032 03/07/2019 890 513 153 618 744 636 618 665 686 802 708 792 826 858 960 487 852 398 925 898
#00031 01/07/2019 133 401 590 029 055 871 931 704 056 190 509 662 942 252 016 574 818 861 953 252
#00030 28/06/2019 724 410 279 942 346 176 511 222 831 168 184 938 372 381 947 331 012 015 190 885
#00029 26/06/2019 803 579 458 285 674 479 421 289 730 501 204 656 585 314 195 150 613 610 153 497
#00028 24/06/2019 617 164 207 603 217 854 538 767 451 770 447 893 689 229 485 969 107 901 613 235
#00027 21/06/2019 154 647 979 134 940 348 816 617 831 815 880 533 079 050 583 984 634 959 400 782
#00026 19/06/2019 105 648 971 858 855 508 795 254 014 736 957 570 801 063 764 830 189 219 384 640
#00025 17/06/2019 760 613 750 516 580 272 601 709 522 889 837 218 362 679 117 002 549 680 560 437
#00024 14/06/2019 692 768 978 595 745 411 466 153 141 753 065 864 165 373 319 496 295 671 293 241
#00023 12/06/2019 813 400 672 507 158 053 249 469 646 494 888 311 989 867 067 748 588 298 028 396
#00022 10/06/2019 484 139 670 617 285 013 213 012 457 778 218 269 384 660 683 400 772 192 624 888
#00021 07/06/2019 355 191 623 114 540 545 222 482 843 289 327 588 603 639 007 937 740 222 836 123
#00020 05/06/2019 110 152 503 292 540 249 922 139 331 606 145 207 309 480 243 655 966 607 005 222
#00019 03/06/2019 447 179 671 249 073 217 560 428 908 146 012 640 946 879 156 181 905 747 802 095
#00018 31/05/2019 901 951 841 324 204 769 855 410 093 219 667 116 236 256 060 578 389 976 457 792
#00017 29/05/2019 936 784 575 463 403 532 948 068 866 411 132 720 350 439 402 723 603 264 352 913
#00016 27/05/2019 525 052 922 441 358 211 433 103 586 643 759 006 023 691 214 380 835 806 196 708
#00015 24/05/2019 408 771 788 327 384 314 334 371 919 273 927 969 784 103 593 040 622 277 935 655
#00014 22/05/2019 548 068 528 924 103 384 344 700 035 988 375 441 429 439 003 742 751 022 414 872
#00013 20/05/2019 300 111 913 695 037 059 910 284 112 294 272 887 626 881 025 066 896 263 548 251
#00012 17/05/2019 023 769 668 327 671 187 851 452 307 068 725 423 462 603 248 667 733 183 342 566
#00011 15/05/2019 219 211 746 004 589 811 377 470 369 036 455 798 684 510 751 093 215 260 545 474
#00010 13/05/2019 725 013 148 553 664 376 922 866 259 353 436 918 190 024 899 289 110 721 881 174
#00009 10/05/2019 656 843 042 466 498 631 309 898 019 729 115 696 725 756 894 424 426 209 085 635
#00008 08/05/2019 864 188 589 765 332 126 004 658 298 897 812 149 979 409 609 606 661 192 439 122
#00007 06/05/2019 516 143 182 748 370 160 459 572 334 472 714 365 477 662 210 349 105 494 063 212
#00006 03/05/2019 572 133 642 469 512 415 228 127 348 638 488 145 111 870 834 085 437 238 232 083
#00005 01/05/2019 702 081 294 847 766 617 501 037 145 148 725 384 782 847 350 078 174 651 658 469
#00004 29/04/2019 668 878 798 683 954 222 463 754 971 300 553 179 803 617 958 125 008 393 003 102
#00003 26/04/2019 428 336 479 232 435 033 071 986 348 539 464 731 428 982 057 331 545 111 873 039
#00002 24/04/2019 817 156 007 038 125 667 355 787 838 558 762 488 722 401 873 296 292 054 243 882
#00001 22/04/2019 015 517 334 279 576 060 043 900 132 916 370 766 634 573 539 048 967 262 523 185
